light [0.55, 0.8, -0.55]  near 0.31331617  far 3.1016674
face  dir_x   dir_y   dir_z   stored_depth  stored_as_dist  euclid_to_floor  axis_to_floor  max_axis_comp  euclid_to_bust
3   -0.3796 -0.8436 00.3796   000.676713   00000.800000   000000.948262   00000.800000   00000.843649   -0001.000000
3   -0.2639 -0.8796 00.3958   000.676713   00000.800000   000000.909505   00000.800000   00000.879599   -0001.000000
3   -0.1355 -0.9035 00.4066   000.676713   00000.800000   000000.885438   00000.800000   00000.903508   -0001.000000
3   00.0000 -0.9119 00.4104   000.676713   00000.800000   000000.877268   00000.800000   00000.911922   -0001.000000
3   00.1355 -0.9035 00.4066   000.676713   00000.800000   000000.885438   00000.800000   00000.903508   -0001.000000
3   00.2639 -0.8796 00.3958   000.676713   00000.800000   000000.909505   00000.800000   00000.879599   -0001.000000
3   00.3796 -0.8436 00.3796   000.676713   00000.800000   000000.948262   00000.800000   00000.843649   -0001.000000
3   -0.3958 -0.8796 00.2639   000.676713   00000.800000   000000.909505   00000.800000   00000.879599   -0001.000000
3   -0.2762 -0.9206 00.2762   000.676713   00000.800000   000000.869022   00000.800000   00000.920575   -0001.000000
3   -0.1422 -0.9481 00.2844   000.676713   00000.800000   000000.843801   00000.800000   00000.948091   -0001.000000
3   00.0000 -0.9578 00.2873   000.676713   00000.800000   000000.835225   00000.800000   00000.957826   -0001.000000
3   00.1422 -0.9481 00.2844   000.676713   00000.800000   000000.843801   00000.800000   00000.948091   -0001.000000
3   00.2762 -0.9206 00.2762   000.676713   00000.800000   000000.869022   00000.800000   00000.920575   -0001.000000
3   00.3958 -0.8796 00.2639   000.676713   00000.800000   000000.909505   00000.800000   00000.879599   -0001.000000
3   -0.4066 -0.9035 00.1355   000.676713   00000.800000   000000.885438   00000.800000   00000.903508   -0001.000000
3   -0.2844 -0.9481 00.1422   000.676713   00000.800000   000000.843801   00000.800000   00000.948091   -0001.000000
3   -0.1467 -0.9782 00.1467   000.676713   00000.800000   000000.817802   00000.800000   00000.978232   -0001.000000
3   00.0000 -0.9889 00.1483   000.676713   00000.800000   000000.808950   00000.800000   00000.988936   -0001.000000
3   00.1467 -0.9782 00.1467   000.676713   00000.800000   000000.817802   00000.800000   00000.978232   -0001.000000
3   00.2844 -0.9481 00.1422   000.676713   00000.800000   000000.843801   00000.800000   00000.948091   -0001.000000
3   00.4066 -0.9035 00.1355   000.676713   00000.800000   000000.885438   00000.800000   00000.903508   -0001.000000
3   -0.4104 -0.9119 -0.0000   000.676713   00000.800000   000000.877268   00000.800000   00000.911922   -0001.000000
3   -0.2873 -0.9578 -0.0000   000.676713   00000.800000   000000.835225   00000.800000   00000.957826   -0001.000000
3   -0.1483 -0.9889 -0.0000   000.676713   00000.800000   000000.808950   00000.800000   00000.988936   -0001.000000
3   00.0000 -1.0000 -0.0000   000.676713   00000.800000   000000.800000   00000.800000   00001.000000   -0001.000000
3   00.1483 -0.9889 -0.0000   000.676713   00000.800000   000000.808950   00000.800000   00000.988936   -0001.000000
3   00.2873 -0.9578 -0.0000   000.676713   00000.800000   000000.835225   00000.800000   00000.957826   -0001.000000
3   00.4104 -0.9119 -0.0000   000.676713   00000.800000   000000.877268   00000.800000   00000.911922   -0001.000000
3   -0.4066 -0.9035 -0.1355   000.676713   00000.800000   000000.885438   00000.800000   00000.903508   -0001.000000
3   -0.2844 -0.9481 -0.1422   000.676713   00000.800000   000000.843801   00000.800000   00000.948091   -0001.000000
3   -0.1467 -0.9782 -0.1467   000.676713   00000.800000   000000.817802   00000.800000   00000.978232   -0001.000000
3   00.0000 -0.9889 -0.1483   000.676713   00000.800000   000000.808950   00000.800000   00000.988936   -0001.000000
3   00.1467 -0.9782 -0.1467   000.676713   00000.800000   000000.817802   00000.800000   00000.978232   -0001.000000
3   00.2844 -0.9481 -0.1422   000.676713   00000.800000   000000.843801   00000.800000   00000.948091   -0001.000000
3   00.4066 -0.9035 -0.1355   000.676713   00000.800000   000000.885438   00000.800000   00000.903508   -0001.000000
3   -0.3958 -0.8796 -0.2639   000.676713   00000.800000   000000.909505   00000.800000   00000.879599   -0001.000000
3   -0.2762 -0.9206 -0.2762   000.676713   00000.800000   000000.869022   00000.800000   00000.920575   -0001.000000
3   -0.1422 -0.9481 -0.2844   000.676713   00000.800000   000000.843801   00000.800000   00000.948091   -0001.000000
3   00.0000 -0.9578 -0.2873   000.676713   00000.800000   000000.835225   00000.800000   00000.957826   -0001.000000
3   00.1422 -0.9481 -0.2844   000.676713   00000.800000   000000.843801   00000.800000   00000.948091   -0001.000000
3   00.2762 -0.9206 -0.2762   000.676713   00000.800000   000000.869022   00000.800000   00000.920575   -0001.000000
3   00.3958 -0.8796 -0.2639   000.676713   00000.800000   000000.909505   00000.800000   00000.879599   -0001.000000
3   -0.3796 -0.8436 -0.3796   000.676713   00000.800000   000000.948262   00000.800000   00000.843649   -0001.000000
3   -0.2639 -0.8796 -0.3958   000.676713   00000.800000   000000.909505   00000.800000   00000.879599   -0001.000000
3   -0.1355 -0.9035 -0.4066   000.676713   00000.800000   000000.885438   00000.800000   00000.903508   -0001.000000
3   00.0000 -0.9119 -0.4104   000.676713   00000.800000   000000.877268   00000.800000   00000.911922   -0001.000000
3   00.1355 -0.9035 -0.4066   000.676713   00000.800000   000000.885438   00000.800000   00000.903508   -0001.000000
3   00.2639 -0.8796 -0.3958   000.676713   00000.800000   000000.909505   00000.800000   00000.879599   -0001.000000
3   00.3796 -0.8436 -0.3796   000.676713   00000.800000   000000.948262   00000.800000   00000.843649   -0001.000000
5   00.3796 00.3796 -0.8436   001.000000   00003.101668   -00001.000000   -0001.000000   00000.843649   -0001.000000
5   00.2639 00.3958 -0.8796   001.000000   00003.101668   -00001.000000   -0001.000000   00000.879599   -0001.000000
5   00.1355 00.4066 -0.9035   001.000000   00003.101668   -00001.000000   -0001.000000   00000.903508   -0001.000000
5   -0.0000 00.4104 -0.9119   001.000000   00003.101668   -00001.000000   -0001.000000   00000.911922   -0001.000000
5   -0.1355 00.4066 -0.9035   001.000000   00003.101668   -00001.000000   -0001.000000   00000.903508   -0001.000000
5   -0.2639 00.3958 -0.8796   001.000000   00003.101668   -00001.000000   -0001.000000   00000.879599   -0001.000000
5   -0.3796 00.3796 -0.8436   001.000000   00003.101668   -00001.000000   -0001.000000   00000.843649   -0001.000000
5   00.3958 00.2639 -0.8796   001.000000   00003.101668   -00001.000000   -0001.000000   00000.879599   -0001.000000
5   00.2762 00.2762 -0.9206   001.000000   00003.101668   -00001.000000   -0001.000000   00000.920575   -0001.000000
5   00.1422 00.2844 -0.9481   001.000000   00003.101668   -00001.000000   -0001.000000   00000.948091   -0001.000000
5   -0.0000 00.2873 -0.9578   001.000000   00003.101668   -00001.000000   -0001.000000   00000.957826   -0001.000000
5   -0.1422 00.2844 -0.9481   001.000000   00003.101668   -00001.000000   -0001.000000   00000.948091   -0001.000000
5   -0.2762 00.2762 -0.9206   001.000000   00003.101668   -00001.000000   -0001.000000   00000.920575   -0001.000000
5   -0.3958 00.2639 -0.8796   001.000000   00003.101668   -00001.000000   -0001.000000   00000.879599   -0001.000000
5   00.4066 00.1355 -0.9035   001.000000   00003.101668   -00001.000000   -0001.000000   00000.903508   -0001.000000
5   00.2844 00.1422 -0.9481   001.000000   00003.101668   -00001.000000   -0001.000000   00000.948091   -0001.000000
5   00.1467 00.1467 -0.9782   001.000000   00003.101668   -00001.000000   -0001.000000   00000.978232   -0001.000000
5   -0.0000 00.1483 -0.9889   001.000000   00003.101668   -00001.000000   -0001.000000   00000.988936   -0001.000000
5   -0.1467 00.1467 -0.9782   001.000000   00003.101668   -00001.000000   -0001.000000   00000.978232   -0001.000000
5   -0.2844 00.1422 -0.9481   001.000000   00003.101668   -00001.000000   -0001.000000   00000.948091   -0001.000000
5   -0.4066 00.1355 -0.9035   001.000000   00003.101668   -00001.000000   -0001.000000   00000.903508   -0001.000000
5   00.4104 -0.0000 -0.9119   001.000000   00003.101668   -00001.000000   -0001.000000   00000.911922   -0001.000000
5   00.2873 -0.0000 -0.9578   001.000000   00003.101668   -00001.000000   -0001.000000   00000.957826   -0001.000000
5   00.1483 -0.0000 -0.9889   001.000000   00003.101668   -00001.000000   -0001.000000   00000.988936   -0001.000000
5   -0.0000 -0.0000 -1.0000   001.000000   00003.101668   -00001.000000   -0001.000000   00001.000000   -0001.000000
5   -0.1483 -0.0000 -0.9889   001.000000   00003.101668   -00001.000000   -0001.000000   00000.988936   -0001.000000
5   -0.2873 -0.0000 -0.9578   001.000000   00003.101668   -00001.000000   -0001.000000   00000.957826   -0001.000000
5   -0.4104 -0.0000 -0.9119   001.000000   00003.101668   -00001.000000   -0001.000000   00000.911922   -0001.000000
5   00.4066 -0.1355 -0.9035   001.000000   00003.101668   -00001.000000   -0001.000000   00000.903508   -0001.000000
5   00.2844 -0.1422 -0.9481   001.000000   00003.101668   -00001.000000   -0001.000000   00000.948091   -0001.000000
5   00.1467 -0.1467 -0.9782   001.000000   00003.101668   -00001.000000   -0001.000000   00000.978232   -0001.000000
5   -0.0000 -0.1483 -0.9889   001.000000   00003.101668   -00001.000000   -0001.000000   00000.988936   -0001.000000
5   -0.1467 -0.1467 -0.9782   001.000000   00003.101668   -00001.000000   -0001.000000   00000.978232   -0001.000000
5   -0.2844 -0.1422 -0.9481   001.000000   00003.101668   -00001.000000   -0001.000000   00000.948091   -0001.000000
5   -0.4066 -0.1355 -0.9035   001.000000   00003.101668   -00001.000000   -0001.000000   00000.903508   -0001.000000
5   00.3958 -0.2639 -0.8796   001.000000   00003.101668   -00001.000000   -0001.000000   00000.879599   -0001.000000
5   00.2762 -0.2762 -0.9206   001.000000   00003.101668   -00001.000000   -0001.000000   00000.920575   -0001.000000
5   00.1422 -0.2844 -0.9481   001.000000   00003.101668   -00001.000000   -0001.000000   00000.948091   -0001.000000
5   -0.0000 -0.2873 -0.9578   001.000000   00003.101668   -00001.000000   -0001.000000   00000.957826   -0001.000000
5   -0.1422 -0.2844 -0.9481   001.000000   00003.101668   -00001.000000   -0001.000000   00000.948091   -0001.000000
5   -0.2762 -0.2762 -0.9206   001.000000   00003.101668   -00001.000000   -0001.000000   00000.920575   -0001.000000
5   -0.3958 -0.2639 -0.8796   001.000000   00003.101668   -00001.000000   -0001.000000   00000.879599   -0001.000000
5   00.3796 -0.3796 -0.8436   001.000000   00003.101668   -00001.000000   -0001.000000   00000.843649   -0001.000000
5   00.2639 -0.3958 -0.8796   001.000000   00003.101668   -00001.000000   -0001.000000   00000.879599   -0001.000000
5   00.1355 -0.4066 -0.9035   001.000000   00003.101668   -00001.000000   -0001.000000   00000.903508   -0001.000000
5   -0.0000 -0.4104 -0.9119   001.000000   00003.101668   -00001.000000   -0001.000000   00000.911922   -0001.000000
5   -0.1355 -0.4066 -0.9035   001.000000   00003.101668   -00001.000000   -0001.000000   00000.903508   -0001.000000
5   -0.2639 -0.3958 -0.8796   001.000000   00003.101668   -00001.000000   -0001.000000   00000.879599   -0001.000000
5   -0.3796 -0.3796 -0.8436   001.000000   00003.101668   -00001.000000   -0001.000000   00000.843649   -0001.000000
1   -0.8436 00.3796 -0.3796   001.000000   00003.101668   -00001.000000   -0001.000000   00000.843649   -0001.000000
1   -0.8796 00.3958 -0.2639   001.000000   00003.101668   -00001.000000   -0001.000000   00000.879599   -0001.000000
1   -0.9035 00.4066 -0.1355   001.000000   00003.101668   -00001.000000   -0001.000000   00000.903508   -0001.000000
1   -0.9119 00.4104 00.0000   001.000000   00003.101668   -00001.000000   -0001.000000   00000.911922   -0001.000000
1   -0.9035 00.4066 00.1355   001.000000   00003.101668   -00001.000000   -0001.000000   00000.903508   -0001.000000
1   -0.8796 00.3958 00.2639   001.000000   00003.101668   -00001.000000   -0001.000000   00000.879599   -0001.000000
1   -0.8436 00.3796 00.3796   001.000000   00003.101668   -00001.000000   -0001.000000   00000.843649   -0001.000000
1   -0.8796 00.2639 -0.3958   001.000000   00003.101668   -00001.000000   -0001.000000   00000.879599   -0001.000000
1   -0.9206 00.2762 -0.2762   001.000000   00003.101668   -00001.000000   -0001.000000   00000.920575   -0001.000000
1   -0.9481 00.2844 -0.1422   001.000000   00003.101668   -00001.000000   -0001.000000   00000.948091   -0001.000000
1   -0.9578 00.2873 00.0000   001.000000   00003.101668   -00001.000000   -0001.000000   00000.957826   -0001.000000
1   -0.9481 00.2844 00.1422   001.000000   00003.101668   -00001.000000   -0001.000000   00000.948091   -0001.000000
1   -0.9206 00.2762 00.2762   001.000000   00003.101668   -00001.000000   -0001.000000   00000.920575   -0001.000000
1   -0.8796 00.2639 00.3958   001.000000   00003.101668   -00001.000000   -0001.000000   00000.879599   -0001.000000
1   -0.9035 00.1355 -0.4066   001.000000   00003.101668   -00001.000000   -0001.000000   00000.903508   -0001.000000
1   -0.9481 00.1422 -0.2844   001.000000   00003.101668   -00001.000000   -0001.000000   00000.948091   -0001.000000
1   -0.9782 00.1467 -0.1467   001.000000   00003.101668   -00001.000000   -0001.000000   00000.978232   -0001.000000
1   -0.9889 00.1483 00.0000   001.000000   00003.101668   -00001.000000   -0001.000000   00000.988936   -0001.000000
1   -0.9782 00.1467 00.1467   001.000000   00003.101668   -00001.000000   -0001.000000   00000.978232   -0001.000000
1   -0.9481 00.1422 00.2844   001.000000   00003.101668   -00001.000000   -0001.000000   00000.948091   -0001.000000
1   -0.9035 00.1355 00.4066   001.000000   00003.101668   -00001.000000   -0001.000000   00000.903508   -0001.000000
1   -0.9119 -0.0000 -0.4104   001.000000   00003.101668   -00001.000000   -0001.000000   00000.911922   -0001.000000
1   -0.9578 -0.0000 -0.2873   001.000000   00003.101668   -00001.000000   -0001.000000   00000.957826   -0001.000000
1   -0.9889 -0.0000 -0.1483   001.000000   00003.101668   -00001.000000   -0001.000000   00000.988936   -0001.000000
1   -1.0000 -0.0000 00.0000   001.000000   00003.101668   -00001.000000   -0001.000000   00001.000000   -0001.000000
1   -0.9889 -0.0000 00.1483   001.000000   00003.101668   -00001.000000   -0001.000000   00000.988936   -0001.000000
1   -0.9578 -0.0000 00.2873   001.000000   00003.101668   -00001.000000   -0001.000000   00000.957826   -0001.000000
1   -0.9119 -0.0000 00.4104   001.000000   00003.101668   -00001.000000   -0001.000000   00000.911922   -0001.000000
1   -0.9035 -0.1355 -0.4066   001.000000   00003.101668   -00001.000000   -0001.000000   00000.903508   -0001.000000
1   -0.9481 -0.1422 -0.2844   001.000000   00003.101668   -00001.000000   -0001.000000   00000.948091   -0001.000000
1   -0.9782 -0.1467 -0.1467   001.000000   00003.101668   -00001.000000   -0001.000000   00000.978232   -0001.000000
1   -0.9889 -0.1483 00.0000   001.000000   00003.101668   -00001.000000   -0001.000000   00000.988936   -0001.000000
1   -0.9782 -0.1467 00.1467   001.000000   00003.101668   -00001.000000   -0001.000000   00000.978232   -0001.000000
1   -0.9481 -0.1422 00.2844   001.000000   00003.101668   -00001.000000   -0001.000000   00000.948091   -0001.000000
1   -0.9035 -0.1355 00.4066   001.000000   00003.101668   -00001.000000   -0001.000000   00000.903508   -0001.000000
1   -0.8796 -0.2639 -0.3958   001.000000   00003.101668   -00001.000000   -0001.000000   00000.879599   -0001.000000
1   -0.9206 -0.2762 -0.2762   001.000000   00003.101668   -00001.000000   -0001.000000   00000.920575   -0001.000000
1   -0.9481 -0.2844 -0.1422   001.000000   00003.101668   -00001.000000   -0001.000000   00000.948091   -0001.000000
1   -0.9578 -0.2873 00.0000   001.000000   00003.101668   -00001.000000   -0001.000000   00000.957826   -0001.000000
1   -0.9481 -0.2844 00.1422   001.000000   00003.101668   -00001.000000   -0001.000000   00000.948091   -0001.000000
1   -0.9206 -0.2762 00.2762   001.000000   00003.101668   -00001.000000   -0001.000000   00000.920575   -0001.000000
1   -0.8796 -0.2639 00.3958   001.000000   00003.101668   -00001.000000   -0001.000000   00000.879599   -0001.000000
1   -0.8436 -0.3796 -0.3796   000.916237   00001.777005   000002.107248   00001.777778   00000.843649   -0001.000000
1   -0.8796 -0.3958 -0.2639   000.916237   00001.777005   000002.021123   00001.777778   00000.879599   -0001.000000
1   -0.9035 -0.4066 -0.1355   000.916237   00001.777005   000001.967639   00001.777778   00000.903508   -0001.000000
1   -0.9119 -0.4104 00.0000   000.916237   00001.777005   000001.949486   00001.777778   00000.911922   -0001.000000
1   -0.9035 -0.4066 00.1355   000.916237   00001.777005   000001.967639   00001.777778   00000.903508   -0001.000000
1   -0.8796 -0.3958 00.2639   000.916237   00001.777005   000002.021123   00001.777778   00000.879599   -0001.000000
1   -0.8436 -0.3796 00.3796   000.916237   00001.777005   000002.107248   00001.777778   00000.843649   -0001.000000
